2043861
2046710
2043521
2050658
2046298
2039441
2037750
2047065
2046449
2049095
2049265
2048049
2041587
2035985
2045657
2040147
2046092
2043694
2034587
2035639
2047719
2035750
2043230
2034282
2043402
2033867
2035145
2035454
2039361
2036179
2041183
2051847
2043947
2044736
2036476
2035785
2037432
2037371
2036506
2038857
2049002
2037422
2040420
2038625
2037176
2046977
2036993
2045085
2052566
2050365
2047004
2052147
2041487
2037833
2048564
2048306
2049677
2049075
2047843
2047105
2048434
2048624
2037584
2038364
2042486
2038829
2040812
2048630
2046797
2044897
2042227
2037120
2041232
2040201
2046668
2044093
2051581
2037759
2043894
2044080
2039747
2046158
2049628
2041209
2041397
2037493
2039689
2032289
2041443
2043544
2041381
2038224
2036902
2038765
2039100
2038208
2034372
2034521
2034612
2035039
