21163
20264
21009
20399
21134
22812
21841
21034
21320
21344
20882
21108
22910
20659
20795
20333
20268
20322
20329
20305
20287
20449
22433
20441
21960
20278
20298
20351
20200
21936
21689
20536
20250
21204
20995
20306
20339
20318
20316
23026
20949
21947
21669
21076
20324
21363
20300
20536
20257
20271
20291
20782
22441
20202
21580
21385
23396
21086
22186
21284
21242
22068
21164
22777
20612
20994
20828
21348
20282
22901
21765
20964
21037
22039
20266
21357
21036
20623
21329
21078
21967
21872
21947
20743
20379
20750
21074
21030
22363
22199
21541
21215
21332
21283
21924
22785
20776
22910
21014
20837
