4893
4866
6049
6312
4825
4894
5147
4873
4788
5040
5851
4783
5854
4883
5279
5509
7150
4922
5880
4798
4812
5763
4800
4817
4802
4819
4795
4796
5215
5273
5751
5277
5196
4810
4804
4800
4785
4797
4841
5591
5832
4808
4793
4808
5108
5616
4789
4787
5534
5858
5136
4800
4798
5600
4794
4862
5517
5380
4797
5236
5717
4803
4884
4878
5556
4807
5268
4848
4792
5158
4800
5612
5157
5577
4777
4776
5468
5672
4774
6130
4888
5396
4777
5498
4776
5762
5139
4784
5004
4777
4796
4810
4886
5957
5446
4799
4799
4807
5023
4880
