2050664
2035694
2038101
2036522
2038769
2034014
2041975
2046432
2045770
2049886
2040735
2031499
2034573
2033914
2034407
2033810
2047419
2041070
2041627
2045711
2038628
2035397
2035727
2039390
2046031
2048035
2043425
2044075
2045537
2047762
2049806
2040881
2046775
2047423
2046190
2045550
2046476
2052581
2044573
2044312
2054832
2043580
2045934
2043254
2050381
2047723
2050824
2047144
2044373
2039933
2036877
2049406
2041846
2045926
2045847
2039270
2038618
2038912
2054679
2038237
2038063
2046414
2051485
2038052
2037570
2037302
2041315
2048074
2040020
2043359
2041649
2041243
2046656
2048359
2039003
2040315
2044992
2043463
2051456
2040861
2045888
2048002
2043528
2044050
2045125
2047599
2045397
2045049
2046468
2044481
2043845
2048024
2046001
2046749
2043925
2040784
2039487
2040134
2038415
2041187
