1383337
1378267
1380467
1376180
1378344
1379543
1376795
1380509
1377938
1389372
1386306
1371165
1377664
1380339
1374644
1379154
1370811
1376537
1378999
1373297
1374045
1376602
1372988
1371834
1379380
1383610
1370109
1374597
1377043
1389761
1377254
1371377
1373062
1378747
1372949
1392161
1398287
1367965
1377890
1378074
1372338
1372238
1374145
1378706
1372153
1372050
1376140
1379754
1379675
1373000
1372695
1374578
1377435
1374194
1376877
1375666
1379331
1376441
1370204
1368707
1375482
1373354
1367188
1368432
1369200
1375157
1371255
1374523
1373865
1379455
1366971
1378933
1375523
1372056
1378173
1366670
1368393
1366955
1375234
1371728
1368661
1372562
1373540
1369371
1373241
1367601
1365405
1368085
1367338
1367090
1363288
1376757
1366228
1367291
1372333
1369732
1376279
1378525
1368764
1368764
