20007
20688
20016
19992
21822
20644
20838
20369
20956
21541
21088
20093
21063
21467
20861
21612
20069
20377
22129
20832
20734
21770
20624
19983
20329
20874
20601
20695
20385
20416
21220
22405
22418
20305
20573
19945
20948
19905
19932
19953
20953
20576
21421
20935
20871
20320
22043
20976
20669
20999
20385
23627
20694
20754
20599
20615
20940
20630
21390
19968
20616
21623
20910
21693
21368
22413
20944
21550
21149
19861
20074
20043
20967
21762
23495
21725
21600
19909
20072
20258
20581
19938
19874
19968
19967
20653
21421
20784
21363
23146
21522
20741
20828
20662
21076
20634
21075
21712
19906
19807
