2014744
2013741
2010757
2007551
2007255
2000040
1997025
1997526
2008325
2006127
2007150
2005100
2010861
2005928
2005081
2007295
2002318
2005916
2013132
2007969
2004694
2002144
2004653
2010711
2008429
2004453
2006737
2005057
2006463
2005237
1998438
2003144
2000416
2003032
2002651
2005752
2008621
1998705
2011019
2009250
1998106
2007950
2002266
1999457
2001497
1999400
1999397
1998636
2003651
1998052
1998091
1999436
1998558
1998180
1999423
2006558
2009675
2008251
1999539
1999078
2001245
2009362
1998717
1998457
2000832
2001868
1998053
1996613
1997999
1998628
1997886
1997874
1998364
2002399
2002005
1998043
1998207
1995652
1998687
2007513
2005789
2007026
2006117
2006271
2002668
2008282
2006480
2001433
2002861
2004830
2004395
1994772
1994753
1995018
1995473
1994040
1995696
1993997
1994570
1994670
