1369929
1371629
1382272
1372657
1369603
1372169
1370784
1377229
1373824
1368966
1368616
1371619
1376390
1373643
1367669
1370744
1367392
1371127
1377449
1371000
1379150
1371445
1372868
1382593
1371420
1374972
1371567
1380412
1376509
1372497
1379300
1371552
1372545
1381458
1372910
1376662
1376405
1371143
1378942
1372818
1380400
1375868
1376590
1377622
1372310
1376729
1373143
1375414
1376429
1370235
1372401
1374443
1369535
1378132
1370642
1371758
1374593
1378054
1377725
1378188
1378670
1387722
1379459
1376892
1375493
1369043
1381377
1372593
1366034
1372885
1369733
1380637
1377921
1376035
1372983
1368484
1368422
1374136
1372127
1386000
1378840
1376883
1371082
1372105
1376152
1377601
1371018
1373603
1368319
1388298
1373007
1376639
1375358
1371573
1377902
1373988
1375178
1382690
1381848
1380805
