1567604
1549466
1548089
1574597
1549011
1548469
1550591
1541294
1547541
1545293
1549799
1544537
1547606
1547469
1544568
1550788
1545214
1545543
1545100
1548984
1546998
1548547
1546855
1545707
1547311
1538305
1550844
1540538
1548082
1544556
1545979
1540104
1540171
1547159
1541225
1548059
1557875
1556195
1542682
1541495
1547480
1554078
1546419
1540685
1543441
1544686
1542686
1543092
1543057
1547514
1542287
1549677
1542622
1543970
1543266
1546063
1542354
1555900
1548528
1547329
1549243
1546143
1547303
1549229
1545256
1543159
1547858
1543690
1539109
1541078
1539185
1543893
1548538
1547167
1547406
1538674
1547294
1546465
1541074
1543830
1550976
1551403
1541356
1542760
1538552
1554149
1543234
1546344
1545821
1546631
1546725
1541823
1543948
1561179
1543060
1542452
1545811
1544344
1545410
1542449
