2047770
2054865
2038064
2037397
2038516
2034531
2035798
2037894
2039087
2037031
2035849
2035166
2043066
2035242
2034616
2043070
2035243
2037001
2033663
2035083
2041762
2038061
2034759
2038467
2034293
2035262
2033707
2041071
2050269
2051957
2039251
2038319
2039189
2056006
2046940
2038370
2037957
2048321
2042898
2043573
2049630
2040673
2046007
2036685
2034686
2039562
2040090
2044575
2044789
2042571
2042279
2044744
2046122
2043032
2045247
2044900
2045304
2044601
2043233
2036177
2039037
2045892
2045112
2035887
2046904
2033664
2035805
2051563
2045411
2042710
2033987
2039045
2040108
2055495
2038201
2050387
2049697
2049213
2044491
2042725
2044918
2041800
2045535
2043504
2048002
2048072
2048436
2045135
2049635
2048109
2055401
2047182
2046895
2046984
2053471
2041289
2038911
2042857
2038875
2044971
