648987
625740
580778
570648
560907
572415
574992
565791
572626
581154
572432
574715
568703
573352
571617
574744
582340
585066
575214
570106
566486
593275
575919
571596
575319
566199
574075
580123
568507
579366
570801
577358
574584
565668
588015
595264
596624
598601
570471
571238
577449
565685
567092
581377
564273
570640
579218
570554
571308
569788
597655
569600
570113
584428
576277
588512
573799
568786
590889
590192
599939
567346
646645
579561
594073
590384
584647
568321
573385
575626
582654
590246
575069
577133
566763
569936
569778
562796
568728
560216
566219
576136
574937
572776
560814
570405
579994
576106
567420
600752
569361
573767
585921
584731
575551
569362
578530
574599
568239
565850
