5426
4925
5030
4915
4910
4967
6056
4894
5212
5561
4927
5217
5261
4976
4987
5375
4979
5013
5736
4916
4908
5982
5614
5808
4914
5430
4912
4921
5035
5834
5993
5623
4917
5978
5344
5801
5725
5504
5003
5445
4993
5769
4922
4927
4916
5452
4911
4910
4923
4902
4902
4906
4918
5844
5890
4909
4908
4926
5375
4966
5015
5025
4955
5048
4948
5284
4941
6124
4970
4943
4940
4913
4921
5967
4917
4914
5630
5824
5943
6064
5141
4978
5680
5652
5913
5621
4905
4961
5006
4901
5630
4911
5273
4922
5450
4959
4912
4981
5748
4941
