428546
439915
458712
422185
425786
429776
436409
415380
429465
420384
429408
418992
431070
443472
423657
439621
418774
420010
433921
433376
434390
437101
441058
437580
449667
443789
427346
440190
427293
433234
435195
426873
427488
426479
415885
425939
429222
426517
420594
430211
428894
424986
425434
436559
430388
424549
432670
430716
428962
425100
433289
438534
429041
430292
422658
429145
433572
432833
432131
429682
428476
440226
441600
436272
437695
432384
439012
435101
434399
436717
425948
429635
433068
424760
432037
431195
427659
429231
436035
418303
427426
425218
424099
432617
436109
443649
430010
437240
438623
432521
438541
437777
428778
423442
423887
435652
434053
428421
414352
418047
