2010522
2011793
2006803
2010449
2004216
2007606
2004694
2005242
1999422
2000234
1996095
1997803
1995415
2003693
1999884
2013634
2007066
2002636
2007512
2002816
2008054
2008961
2005194
1998156
2011462
2010175
2001622
2000700
2002082
2007529
2003040
2008493
1999110
1999288
1999077
1997761
1999817
1999813
2000613
2003599
2008821
2004450
1996294
1995339
2005735
1998200
2004948
2004930
2004547
2002064
2005635
2001845
2004909
2001966
1998872
1998078
1997603
2001697
1999326
1993458
1997085
2002010
2006080
1997629
1996836
1997259
1998268
2002693
2005906
2002280
2009124
1997359
2008801
2001882
2003336
2008031
2006156
1997115
1999126
1997582
1999182
1998971
2012324
2005625
1998146
1999369
1997987
2001791
1999421
2006550
2001860
2001696
1996947
2000464
1999996
2006637
2008136
2007379
1998133
2004110
