2043138
2045015
2046050
2043729
2042284
2039897
2045884
2039074
2043797
2039659
2036800
2049052
2049249
2046564
2046114
2051116
2047010
2050636
2044891
2045143
2040251
2044351
2040900
2045278
2051113
2047514
2049242
2051663
2044182
2047310
2044706
2048489
2050215
2041803
2039891
2048246
2041704
2044525
2046632
2043275
2036016
2041021
2039261
2043889
2038384
2039285
2037404
2036977
2038591
2050802
2037986
2041936
2039468
2040389
2044672
2042719
2040889
2040124
2047550
2051931
2046469
2039896
2042917
2037358
2047233
2043173
2043537
2035784
2039131
2043926
2043392
2045900
2041213
2039509
2043014
2045191
2037564
2039729
2044234
2049512
2036534
2036226
2038810
2039857
2037350
2038612
2049065
2044527
2040651
2043569
2049521
2047332
2046863
2049797
2052029
2046408
2041296
2038490
2040483
2042395
