1540455
1538611
1545715
1539536
1542713
1538649
1541135
1542293
1542810
1547056
1545006
1548294
1543881
1547565
1543689
1544382
1544332
1543577
1549773
1544828
1549954
1543678
1550790
1547410
1551372
1550415
1551410
1553537
1559717
1549061
1551931
1547656
1547871
1545488
1550542
1547542
1548920
1548574
1547151
1560190
1547951
1551421
1544975
1542571
1544097
1547134
1542707
1539686
1540144
1551488
1552042
1546772
1550319
1547655
1549978
1548372
1540869
1539499
1536532
1547931
1563879
1549132
1543020
1547975
1549849
1543426
1545398
1541220
1550235
1537670
1552369
1552155
1539195
1543453
1540520
1572466
1538995
1548333
1548955
1545324
1544214
1548974
1549684
1543375
1550047
1541197
1546776
1539545
1544725
1539815
1547238
1549454
1539278
1554302
1539965
1543620
1543445
1544508
1547455
1541742
