15429
16651
16042
15471
15470
16019
15461
17077
15437
15571
16582
16216
15472
15939
16175
18887
15471
15461
18099
17367
15452
15437
15502
15961
15914
15972
15874
15892
15559
15553
16486
15699
15507
17144
15907
15488
15895
17151
15792
17441
15467
17414
15528
16030
17084
15459
15457
15572
15486
16528
16993
16612
15464
15471
17103
18067
16422
16544
17260
16363
18027
17980
16126
17740
15472
16216
16311
16184
16472
15933
16412
16504
17566
15703
15903
15913
15572
16620
15524
15708
17688
16146
16673
15945
16512
18097
16545
15482
16171
17111
16309
16488
16440
16477
16341
16480
18087
16099
15921
16084
