439645
429881
441326
432767
433048
441871
449403
420307
432980
444912
459896
442165
440594
452634
453641
440318
443029
432583
452807
441084
424614
430919
443836
439161
446879
426133
438121
443466
447077
427234
433407
434129
446704
436664
444517
461452
449747
435936
440147
453113
441557
441767
441349
437152
449977
444451
455558
447478
449479
444381
442140
442823
439048
440512
436843
431111
436860
445416
426715
438195
441687
435075
440655
449483
475423
445215
431561
438915
455920
434681
436935
458785
489797
443937
462459
439581
438061
439473
427511
440312
449384
430280
444134
440775
436380
431566
448985
443339
447106
429558
440350
452202
449081
440893
449889
436178
449740
456407
440397
450610
