2053061
2048703
2053292
2049724
2058391
2049492
2038301
2053396
2041573
2044155
2047785
2049246
2043334
2048666
2049561
2043982
2050477
2038731
2040294
2049059
2046089
2037560
2043293
2044787
2047500
2039186
2037939
2038377
2048765
2040429
2038397
2050492
2043820
2039958
2046543
2036720
2037397
2036021
2037030
2042806
2039283
2041943
2035556
2035948
2034928
2035903
2033839
2039753
2034346
2032816
2035003
2035349
2035017
2033716
2045018
2033733
2046290
2038263
2048125
2039732
2042447
2036919
2043089
2050135
2039460
2039357
2046780
2042863
2037919
2037182
2040727
2037932
2037447
2042656
2041077
2050005
2041150
2038793
2047773
2047031
2046435
2040174
2037830
2045649
2046232
2046838
2039716
2038837
2039548
2050263
2047338
2049404
2040540
2039293
2040647
2037738
2040057
2040129
2043277
2038607
