16871
15213
15126
14421
16717
15134
15988
17291
14425
14535
14875
15033
14472
15129
14411
14462
15363
14444
15810
16422
15533
14958
14419
14443
14431
17093
15178
16035
14623
18684
14433
17493
17035
14427
14423
15191
15191
15416
15165
15125
14415
15583
15503
15315
17367
14456
14420
15200
15506
14488
14414
14414
15399
14456
16663
14430
15480
18671
14430
14431
14433
15234
14439
14423
14810
14413
14431
14482
14621
14452
14478
16419
14424
15921
15519
15273
14435
14434
14443
16155
15320
14424
16840
14427
14435
15026
14623
14417
16172
15468
14733
16470
15240
16315
15388
14468
15506
15180
14434
14438
