2052362
2058760
2059890
2069924
2059434
2053290
2053125
2050820
2048141
2053027
2055103
2056157
2042660
2049749
2051497
2047916
2048264
2047593
2055132
2047959
2048477
2047157
2054474
2046234
2049783
2053601
2051656
2048852
2053200
2049885
2047017
2053395
2052090
2048074
2045952
2059480
2057125
2049592
2047192
2049187
2057787
2046420
2053870
2049665
2046024
2052376
2049457
2052230
2059321
2056476
2059617
2059459
2056994
2050718
2053227
2050624
2047669
2055186
2052860
2053447
2048353
2045537
2046022
2049217
2051023
2047193
2046459
2046863
2046224
2056637
2057908
2052972
2058826
2057321
2058535
2058995
2057759
2048904
2054545
2058117
2051327
2053950
2048820
2057857
2048940
2043207
2052650
2052717
2057317
2059137
2061732
2054243
2058038
2058886
2058799
2047976
2046706
2045809
2056730
2047136
