20943
19949
21939
22022
20698
20295
21656
20313
19866
21547
21851
20511
19855
21523
20725
22544
20682
20914
20985
21178
21688
20596
21337
20906
21180
21616
20416
20460
20745
21009
20692
21767
19947
20060
20565
21575
21819
20832
21080
21324
20833
19863
20891
21260
20664
21050
20656
20727
21987
20664
21046
20472
21200
21617
20011
20022
20537
20579
20921
23488
22985
21270
21410
21882
19921
21778
22428
20567
20669
20632
21032
20454
21181
20414
20307
20795
21244
20455
20662
21835
20946
20260
21341
22105
20746
20966
20602
22684
21026
20752
20206
20879
20990
19976
20887
20348
21994
21416
21331
20821
