2001087
1999358
2010431
2003955
2002056
1994378
1994398
1995736
1995529
2005420
2001487
1997225
1993742
2002362
2002737
2003294
2008352
2007522
2006548
2005823
2002315
2003502
2001992
1997024
1997183
1997675
1997087
1997541
2004577
1998201
1998314
1998914
1996573
2007700
2001768
1998102
2001055
2003612
2002999
2002951
2003977
2007570
2004432
2006973
2005581
2009131
2009872
1999943
1998901
2000718
2006600
2005116
2010061
2001228
1997782
1999029
2006406
2008902
2001165
2007447
1997481
1999239
2001968
2002002
2001068
1995667
2004009
2004585
2007523
2008176
2007779
2005455
2001946
2002617
1997747
1998470
2004893
2006572
2006470
1995120
2007181
2007448
2007887
2007430
2000710
1994896
2013857
2000419
1998948
2005704
1999603
2007027
2005090
2007462
2008577
2008912
2006787
2008631
2008526
2001547
