21032
21526
20950
20227
21378
21829
21594
21264
22415
20862
21159
20876
20870
22028
21844
22528
21198
22683
21382
20235
20966
21319
22188
22643
20344
21963
20284
20837
20251
22368
21702
21759
21632
20490
21306
21147
21877
20325
21894
22539
22635
21965
20939
21004
20692
20873
23224
20323
21824
20902
21134
21980
21324
21078
22649
20287
20710
22687
21266
21131
21096
21091
20276
21057
20270
21126
21160
21272
21325
22093
22876
21306
20795
21181
22394
20851
21494
20279
20303
21944
20777
20305
22613
22024
21267
22765
21305
21264
20844
21267
20322
21306
21402
20970
21437
21535
21269
21800
21170
20323
