466941
462476
454318
461624
446078
445224
448403
442282
448803
444170
448980
452231
442610
445326
446832
448711
444581
448222
445936
444758
452359
439648
438980
465230
453920
460068
466359
445090
442362
446190
446920
439896
440858
438999
448988
444456
449180
444885
441054
448385
451506
452640
446322
444988
443120
455462
455038
449737
453950
453655
454465
456215
449823
449469
456469
463651
443574
448431
469061
452084
454537
452795
446484
449281
444336
447941
450064
448905
455409
452460
448088
451166
447064
457195
457543
438043
435382
441831
444115
440925
443092
439417
443975
447686
441661
444998
463806
443984
444502
445680
447925
441163
448840
436438
438056
441633
447197
439908
441895
438140
