7787
4852
4858
4851
4855
4968
4865
4851
4861
6915
4851
4868
4852
5463
5810
4853
5766
4848
5649
4860
5042
4819
5406
4849
5501
4830
4837
5109
4858
4854
4871
4880
5912
7041
5049
4875
4867
4864
4965
6060
5503
4919
4972
4871
4883
4868
7046
5696
5829
4869
5072
4857
4892
4869
4865
4879
5374
4879
4880
5003
6948
5973
5013
4888
4972
4921
4884
4866
4882
5864
6670
4867
4875
4864
4876
6664
4873
5457
5379
5303
5558
5439
5400
5953
4911
4845
4863
4829
4855
4857
4863
5046
5724
4881
4918
4875
4905
4878
5643
5710
