2041798
2041320
2043310
2050791
2042049
2039860
2046385
2037306
2040537
2044701
2049777
2045811
2047966
2043646
2037746
2047356
2040944
2037882
2041342
2041429
2047282
2042452
2040848
2044898
2034759
2041711
2051341
2043339
2044832
2044724
2042981
2052581
2039553
2037577
2039305
2038795
2037718
2042961
2046270
2043942
2046996
2046886
2040937
2037600
2039156
2042193
2039226
2049716
2049484
2049863
2047939
2047640
2043816
2034776
2041860
2044705
2046715
2040454
2044487
2038259
2040993
2037921
2035192
2041353
2043854
2044038
2041262
2035437
2033148
2035032
2036872
2035283
2050647
2049687
2045943
2040060
2044090
2034207
2036106
2033396
2034095
2036122
2039475
2046003
2034999
2034904
2036989
2034647
2047987
2046816
2046884
2034166
2036359
2046589
2038802
2042635
2037771
2049546
2048407
2046690
