15482
15441
15503
15465
15497
15617
17312
15519
15563
15752
15814
16121
15503
15768
15429
15998
15440
15706
17985
16330
16405
16162
16060
15702
17467
15497
16241
18015
15517
16227
16277
17197
15945
16644
15488
15934
16615
16449
16501
15442
16354
15445
15498
15472
15454
15453
15498
16135
16169
17195
16301
16138
16412
16788
15475
15477
15459
15448
15489
16104
15907
16504
15499
15467
17879
16321
16366
16363
15897
15562
15862
17487
15469
17237
16505
15458
16412
15439
16292
16720
15454
15526
15538
15538
15848
15449
15460
15440
16411
18241
15594
17830
15495
15513
15996
16406
16068
15932
16714
15458
