606362
631669
589288
571825
586471
591230
572027
568298
588708
571005
574532
598358
569413
584811
599368
564315
579184
596214
588287
576496
568084
563565
565835
576169
583670
588583
590482
569792
563611
563815
604078
577394
590252
580116
572845
569641
573251
572475
605749
582039
606605
599563
570341
580148
575855
567861
576641
577064
589780
649471
570006
584233
573701
573499
575122
576094
583560
571387
568757
566742
581573
581759
591544
595151
577217
618945
599054
581300
574369
590400
599601
611467
572642
602423
569408
583703
589494
577317
586799
565262
575545
566465
566301
566243
573159
571559
570615
585277
577626
573530
574575
573797
566305
566196
573746
585684
584331
585703
588634
593719
