2012397
2011140
2007114
1999747
2003928
2008798
2004841
2000968
1998738
2005602
2003410
2005057
2007423
2004238
2005280
2002249
2004523
2006099
2002213
2000187
2005226
2007383
2005422
2005985
2008411
1999149
2011197
2006586
2008728
2007220
2004503
2000473
2006127
2001270
2000003
2005485
1998889
2003990
2006234
2008421
2006096
2000803
2002540
1999839
2007331
2008208
2003039
1998685
2001160
2001475
2000785
1998520
2006046
2008430
2008641
2008051
2012332
2005579
2005813
1998088
1998253
1995776
1999617
2001103
2002688
2003217
2003575
1993825
2004356
1997866
1993226
2004572
1996901
1998482
1995299
1993653
2003279
2004179
2003141
2003242
1997435
1995310
1999532
1991105
1998704
2004672
2005340
1993034
1997096
2008359
1995341
2000814
2000843
2005908
1995987
1996706
1996534
1995978
1996700
1996424
