20937
22644
21828
22744
22046
20966
22144
23696
22035
20916
22247
21921
21026
22717
22002
21437
22118
22555
20946
21546
24388
21002
21004
22475
21081
21971
22678
22710
21541
21883
21477
21980
22671
21836
23043
21503
21373
22052
22777
22270
22850
21623
21151
21315
22230
22634
22229
24537
22898
23264
21718
22338
21677
24252
21749
21770
21549
22121
21025
22260
21498
23486
21565
22026
24036
23562
22811
22305
21921
20906
20917
20940
22998
21919
22533
22335
22356
22933
21612
21713
25520
23167
20883
20935
21595
21976
21443
22215
22469
22211
22090
21731
23491
21027
21955
22216
22795
20892
20898
21400
