15429
15842
15887
15845
15453
16042
16233
16011
17230
15840
15651
16568
16357
16287
15502
16340
16335
16587
16566
16508
16921
15962
15842
16500
15963
15934
16920
15443
15552
16569
15437
15456
16104
15961
16267
15467
15803
15457
16314
16266
16099
16065
15458
16481
17505
16016
15476
15576
17256
16517
18065
15539
16822
16299
16663
16320
17382
15477
16361
15465
16203
15470
17215
15804
15453
16550
15863
16013
15954
18064
16457
16331
18152
16251
15447
16176
15463
17183
15502
15434
16117
16884
15459
15967
15743
15765
15654
16523
16123
17465
19161
16209
15601
15925
17256
15874
16586
16530
15498
16363
