19959
19967
19923
21030
20035
20692
20690
21051
21004
20523
21597
21067
23383
21008
20385
20880
21929
20827
20526
20434
20633
20846
21813
21729
20322
21588
21635
21349
20911
20772
20910
21787
20826
20845
20518
20269
21584
19954
22525
20987
22533
22274
21709
22146
20297
21462
20853
21745
20795
23314
21783
20590
21293
20691
20772
20625
20606
19869
21711
21433
21849
22536
21321
21727
19908
21083
22565
20911
22754
20599
21874
20592
19920
21784
20592
21889
20605
21128
21570
21455
21038
21066
19837
22045
21034
21937
22379
20702
20476
20418
20907
20657
21435
21346
21621
20485
20901
20639
22789
20643
