2067245
2062437
2057454
2056127
2052607
2057280
2052575
2053019
2053496
2046841
2049347
2048991
2057777
2050795
2056412
2052517
2052154
2047777
2058100
2058318
2050287
2054145
2054836
2047856
2054505
2062397
2047030
2051143
2059656
2047578
2047078
2052270
2046967
2049763
2045815
2046986
2048523
2046553
2048068
2052081
2045929
2048484
2047113
2045527
2055002
2047763
2052152
2049097
2053834
2047461
2046188
2049199
2059466
2058110
2047307
2053918
2052888
2053846
2053347
2054661
2053866
2052253
2056804
2055886
2053998
2051379
2053835
2054237
2051243
2056778
2061013
2046780
2052481
2054348
2060664
2050705
2056418
2056121
2055190
2053092
2053116
2053941
2052365
2044685
2044626
2050533
2052098
2051430
2054827
2048042
2055016
2048957
2053242
2052400
2043689
2046881
2047025
2049767
2048494
2049690
