5625
4032
4200
5834
5597
4039
4040
4060
4042
4034
4157
5174
5099
4141
4131
4287
4045
4048
4247
4184
4045
4040
4647
4967
7170
4038
5145
4617
4054
4042
4588
4038
4034
4054
4046
4064
6004
4055
4052
4673
4055
4275
4213
4328
4853
4038
4043
6056
4653
6683
4041
4392
4035
4035
4613
4086
4043
4053
6177
4803
4044
4053
4884
4046
4281
4066
4040
4046
4047
5805
5146
4970
4053
4048
5046
4037
4034
4670
4141
4049
6881
4043
4682
4970
4038
4032
4822
5041
5006
4037
4967
4282
4039
4038
4040
6688
4062
4071
4042
4771
