17268
15481
15493
16628
17451
16694
16822
15488
16935
15470
15446
16403
16379
16354
15431
15439
15457
16413
17127
17413
17373
16187
16899
16057
16943
15836
16520
15428
16428
17208
15435
15505
15592
15519
15954
16057
16896
16167
15588
17073
15492
16238
16065
15727
15469
16126
16374
16070
15674
15689
16226
16088
15450
17252
16205
16228
15459
16375
17495
15476
15444
15743
17255
15474
15977
16351
16172
15441
15510
19395
15881
15437
15899
16504
16524
16508
16060
16315
16361
16188
15437
15448
17154
16598
16119
16410
16846
16271
17136
16285
16753
17233
16272
15530
16258
16275
16208
17830
16949
15533
