21689
20748
22571
21149
20397
21063
21277
22183
20241
21387
21620
21139
21277
20572
20336
20786
20856
21477
20314
23172
20261
20798
20666
22025
20504
21162
21034
20255
20937
21267
23578
21458
20255
20260
20276
21384
20261
21824
21035
20277
20753
21780
20901
21844
21870
21814
20460
24457
21294
22506
21610
20925
21132
21108
22206
20980
20280
21140
24307
20796
20776
21208
20354
21340
21236
21141
21802
21309
20290
21046
21582
22375
21999
21574
21723
20853
21407
22581
20182
22149
20270
21091
21401
21874
21275
21705
23421
22309
20877
21188
21040
21364
20280
20836
22058
20921
23630
20314
22091
24041
