20938
21815
21840
21889
21948
21796
22809
20924
20980
21567
21576
21909
22604
21996
20863
21780
20876
22321
21644
22771
22379
20890
21916
21803
20865
22377
23995
21965
21953
21863
21329
20887
21545
22599
21943
21726
22887
22594
23426
20834
21857
21444
20829
21711
22995
21579
20941
22689
22643
21672
22641
21493
21764
20876
21046
22005
21586
22119
22149
22910
22615
20855
20900
22840
21938
21947
21792
23394
21956
23748
21598
22041
21991
20878
21370
21464
22006
22953
21634
21580
21436
21010
21617
21791
20896
21808
21725
21732
21644
20918
22373
21383
22815
21552
23921
23277
23276
21698
20946
22402
