2012485
2007340
2007901
2007396
2000021
2009904
1998522
2007589
1998157
2000539
1997807
1998064
1994523
2009783
2002788
2004493
2003743
2004480
1999304
2000197
1995849
1995569
1997545
1999836
1997104
1998917
1998589
1993008
1994314
1995965
1993085
1994655
1993587
2001581
1994648
1994976
1989455
1996057
1998530
1990055
1998399
2002793
1999874
2001379
1994305
1996919
1999633
1991900
1995130
1995620
1995721
1992298
1998826
1992787
1996505
1998549
1992743
1993125
1998548
1997715
1995540
1993181
1996788
1992449
1998493
2000151
2001502
2000893
2006002
1998914
2005217
1999311
2001858
1997878
2004077
2006782
2002996
2005129
2004283
2001705
2002800
2007025
2003048
2002100
2006556
2005680
1997632
2004310
2008100
2005410
1998864
2001006
2007764
2008401
2004974
2006170
1998618
2008377
2001387
2010274
