8979
7155
7583
7546
7409
7141
8193
8319
7418
8115
7124
7327
7139
7146
7135
7135
8179
7135
8097
7274
7719
7675
7143
8268
7406
7964
7176
8332
7182
7231
8672
7144
7153
7485
7138
7205
7145
8317
7321
7174
7883
8702
8710
7142
7122
7903
8277
7281
7132
8360
7860
7183
7958
7137
7389
7579
7151
7163
7238
8106
7173
7172
7715
8131
7253
8060
7823
8151
7166
8956
7137
8140
7940
8213
7146
7160
7141
7161
7792
7167
7149
7143
7153
7968
8234
7183
8323
7829
7142
7135
7139
7996
8006
7734
8160
7125
7454
7794
7130
7730
