1373938
1381599
1371892
1372168
1379152
1370557
1373359
1374531
1370470
1368880
1367477
1410224
1370210
1373524
1367791
1369522
1372701
1373595
1373878
1377852
1381883
1379604
1386307
1367858
1389301
1372080
1374363
1375146
1369901
1369059
1370031
1395795
1370430
1371982
1372606
1374372
1369022
1369969
1371685
1377086
1375005
1371280
1374563
1372433
1375493
1376188
1372671
1367452
1371542
1376716
1376110
1375737
1374453
1373247
1375344
1373218
1377173
1372004
1372290
1372212
1367096
1369248
1385187
1366909
1370110
1376863
1373245
1375070
1372626
1376121
1373644
1372612
1376228
1396580
1378674
1379915
1375430
1379410
1386792
1370608
1376683
1370621
1380452
1372467
1371409
1373271
1367312
1373996
1376914
1374885
1371671
1375888
1377128
1379034
1375642
1379092
1377124
1376655
1381327
1376933
