2007270
2004967
2010900
2013276
2001681
2006657
1998176
1999870
2009084
2006828
2005387
2005594
2004577
2005547
1998354
1997565
1993778
1997263
1998588
2009505
2002195
2000660
2001296
2003689
2001741
2007160
2008583
2006218
2005363
1996876
1994392
1999950
2002129
2003817
1999121
1997033
1995562
2009168
1995342
2003089
1995580
1994085
2005358
2000838
2017284
2000742
2009270
2009273
1998445
1996220
2000781
2000221
2005075
2006255
2003069
2006275
2006146
2009726
2005866
2009624
2007557
2005447
1999722
2002334
2002624
2004987
2000086
2003820
2003109
2003663
2002092
2005677
2005598
2011972
2005005
2003837
2004154
2008516
2006052
2003906
2003088
2012410
2007127
2008842
2009058
2008387
2005584
1998625
2000089
2010084
2008225
2006482
2003351
2006239
2001008
1997829
1999524
2001176
1996602
2005936
