19986
20066
20907
19974
19841
21341
19977
20791
20758
19871
22137
20382
21851
21505
19903
21506
21473
21394
22297
21030
19905
20841
20955
22052
20806
21588
21112
20029
20985
21178
21625
21865
20637
20339
20720
19965
21820
21000
20904
20616
21402
19926
19917
21629
21841
21829
23750
21120
20553
20780
20386
21915
20522
19936
20569
19932
21716
19973
20454
22247
21868
22257
21271
20323
20534
22183
20388
21093
20903
20356
21236
20743
22175
20489
21732
20690
20823
20389
23967
21654
20366
19984
20481
20406
21768
21078
21318
20407
21168
19934
21943
20349
20736
20716
19942
21696
19976
19956
20698
21455
