23480
21571
20950
21755
22012
21906
20970
22813
21806
21931
23150
21487
21946
21627
23150
23092
22419
22821
22822
22323
24107
22147
21637
21794
22942
22661
22741
22206
21789
21579
21489
22563
20949
20982
21491
23322
20912
23223
22034
22342
22717
20918
23070
22430
22490
22581
22187
21546
21775
22367
22482
22561
22666
23264
20956
21601
21414
20914
20839
21693
22698
21656
23351
21460
24367
21734
20920
21467
23288
21961
21892
20916
20959
21955
22040
21624
21889
21681
21965
20877
21662
21445
20876
20898
20948
21446
21527
21140
22693
21453
21611
21862
22445
21938
22882
22097
21529
22970
20941
21664
