21450
20284
21168
20670
20870
21373
21626
22620
21263
20792
20185
20349
21079
21764
20953
21856
20716
20743
21163
20518
22050
21336
22176
21299
21084
20872
20715
21364
21719
21151
21719
21316
22745
20470
20835
23326
21293
21273
20418
20699
20266
21424
20819
20732
22031
20752
20998
20818
21547
23208
20999
22228
21778
20771
20518
21152
21177
20637
21321
21744
22166
20359
20912
22081
22226
22033
22847
21103
21292
21100
20661
21043
22513
21078
20996
23011
21907
21844
20267
22953
21255
22706
22947
21670
21164
21703
20977
20209
21152
21246
22414
20348
21698
22093
20689
20894
21515
20279
21422
22553
