21674
21396
20851
22166
21469
22820
21561
20891
22160
22079
20934
23963
21892
22021
21568
20954
20979
22932
23513
21620
20955
20910
21804
21147
22287
21602
20936
20933
20920
21693
21661
21317
21564
21922
21952
20949
22964
22322
22652
21297
21619
21757
22126
20932
23379
21096
20981
21775
20950
21706
23274
23217
22114
22456
22021
22114
22161
22221
22185
21503
22282
21412
21904
21396
22541
21374
23683
25145
20945
21819
22923
23271
21714
20912
20964
21972
21937
22475
22054
23593
21313
22459
21805
22144
22352
20874
21504
22806
20873
21642
22143
23104
20957
23324
21644
21862
22522
21577
22897
22572
