21314
21972
21699
21251
21264
22627
21778
21412
20930
21523
23960
20950
21479
21898
21319
23523
20894
23339
21564
22642
21842
21996
23309
24267
21330
21552
21882
21568
22781
23069
21339
22079
21629
22699
21871
22757
22246
21777
21786
22070
20892
21482
21441
21886
22496
21778
22644
22217
24217
21501
21767
22579
22748
22755
20913
21492
24372
21423
21606
21966
23031
21212
21521
21343
24342
21046
21970
22211
21996
21510
21884
21705
22270
21533
22940
22508
21849
22737
21707
22174
20938
21063
21910
21377
20909
22375
21661
21567
21724
21461
20951
22087
21582
23125
21394
21952
21611
23414
21656
23114
