428679
433129
428358
429524
465558
426357
433843
430235
433191
435990
431769
466551
429418
423014
429830
424419
433811
430207
430634
436250
430392
430762
433051
431411
425694
445781
425769
431602
433531
424397
434672
424356
428888
423888
433785
422490
430792
442364
428223
436384
427955
431650
427927
431412
434845
429131
438998
427750
446825
456408
443823
417459
424366
431851
431615
433324
423196
411689
415707
429227
418983
426904
434672
421854
436723
436506
431628
422411
423302
443958
434735
430775
429744
425848
419577
426377
415078
450175
454715
424808
420198
432587
463071
465617
446963
430272
448743
451648
441522
434341
459607
456008
434723
466591
464331
437855
472131
422529
427598
460874
