5533
3936
4037
4387
3931
4060
4730
3932
4727
4937
4009
3943
4651
4748
3940
4830
4753
4113
5007
5030
3940
4563
4218
3934
4042
3934
3966
4757
3936
3937
4131
4473
3931
3930
4696
4251
4652
4702
3939
3940
4990
4873
3929
4773
3999
3937
3953
4804
3931
4656
4292
4825
4494
3932
4670
4939
5001
4702
3930
3960
4814
4044
4832
6180
4920
3929
4052
6145
3947
3962
3936
4101
4929
4967
3934
3934
4890
3965
3958
4814
4439
3936
3933
4474
3945
5634
4638
4669
4042
4460
4720
3925
4090
4875
4190
5062
4646
3938
5864
3933
