1407239
1409207
1384781
1387953
1391125
1396476
1389386
1385526
1381717
1377608
1417904
1379625
1387299
1379539
1378766
1377037
1378718
1380213
1385892
1376112
1375758
1381164
1374624
1376063
1376772
1377986
1391498
1404394
1396925
1396782
1384339
1382264
1383695
1393033
1378620
1385635
1385449
1378568
1378970
1399981
1394821
1378125
1388738
1382121
1386421
1378214
1380083
1377105
1379240
1388828
1378605
1375990
1377888
1402424
1396404
1395165
1388831
1381324
1382456
1379086
1380543
1376336
1390970
1381323
1385527
1385040
1390250
1380913
1388924
1384531
1397770
1385417
1387293
1387748
1383868
1392365
1386680
1608404
1402359
1417977
1401270
1384631
1384501
1377596
1379306
1380347
1387521
1374782
1379713
1377785
1381719
1379160
1383491
1389195
1383487
1385749
1389552
1382513
1387711
1398808
