7031
5651
5490
5472
5469
5466
5468
5611
5470
6771
6562
5485
7530
6203
5491
5480
5931
5476
6042
6662
5488
7577
5530
5472
5474
5959
5472
6386
5831
5479
7609
5470
6282
6711
5782
5483
7902
6120
5473
8065
6348
6173
5477
5524
6608
5488
5479
5483
5492
6268
6003
5494
5490
6440
5971
5484
5484
5472
5466
6620
6127
5835
5473
5496
5497
5476
6174
6009
5471
7247
5490
5468
6210
5897
6207
5490
5506
5962
5483
5487
5472
6459
5496
5938
5969
5475
5553
5487
5496
6231
5507
5492
5558
5471
5501
6047
5480
5473
6414
5570
