22233
20979
22584
21655
20921
20898
20927
21593
24819
21028
21523
22011
21692
21441
20918
20904
21290
24211
21355
20976
21518
22337
23765
20899
20940
21296
20919
20950
20927
20969
21311
22787
21731
21080
23464
20915
20905
21394
20895
21043
22163
20916
20883
21155
22493
21419
22726
22620
21851
21874
20942
20937
21749
22682
21488
20901
20869
21969
23395
22024
22069
21497
21509
23652
21475
20904
20927
23825
23831
22150
21501
21576
22343
21925
23127
21625
22187
24204
22894
21710
22441
23570
20948
22563
23276
21622
22503
22015
20877
21762
23745
20885
20933
21835
21449
20879
21517
21932
21696
22365
