2011124
2001241
2014586
2005329
2006592
2001409
1999613
1998593
2001505
2003481
1999948
1996209
1995180
1998287
1994889
1996064
2000754
1996598
2003652
2006400
2003931
2001165
2002015
1999526
1998281
2005368
2003061
2005816
1996567
1997787
2015189
1998586
2009326
2010388
2010770
1997818
1998820
1997837
1996528
1997761
2003029
2005686
1998684
1999443
2005455
1999999
2007367
2007544
2005588
1999383
2011153
2009588
2008386
2005176
2003779
1999203
1999194
2006047
1998551
2004156
2005477
1998052
1997606
2003279
2009376
2009584
2006635
2004396
2003710
1997750
2009425
2003217
2008955
2016918
2002693
2003022
2004012
2004132
2003249
2003428
2003815
1999552
1998565
2001770
1999740
2000723
2004352
2001482
2004219
2006884
2004381
2000518
2005870
2007582
2007968
1997093
1999223
2000349
2004666
2005076
