1552165
1546051
1537278
1541865
1538523
1541376
1535620
1544449
1538632
1541784
1548124
1537306
1540492
1535984
1537284
1545971
1545319
1534829
1544195
1534806
1540551
1539898
1536805
1543505
1546677
1550357
1538344
1541861
1543147
1540620
1547346
1537187
1542388
1544687
1546384
1541632
1545813
1544042
1547501
1544747
1539376
1549401
1547835
1548776
1543181
1544993
1547403
1542821
1544351
1538131
1549012
1539132
1541428
1549258
1540629
1547079
1546118
1550702
1542138
1545856
1545047
1548063
1552055
1551262
1539399
1538608
1544693
1536845
1553315
1549023
1546599
1544965
1548380
1549662
1546974
1550130
1545781
1546231
1539312
1539685
1540824
1549581
1543764
1536542
1556020
1538474
1542939
1539039
1540004
1544999
1541481
1542212
1540730
1540989
1539900
1544467
1539144
1539697
1553154
1546602
