2059635
2059605
2054361
2060848
2056113
2059350
2060364
2060471
2055808
2056756
2050962
2053042
2056712
2057110
2051915
2056063
2058207
2055211
2048491
2058444
2056015
2055052
2058141
2050310
2051371
2049814
2046649
2046748
2045973
2047941
2045735
2046865
2047589
2050234
2047126
2057498
2056903
2052632
2058295
2052465
2052550
2054789
2054477
2063174
2060482
2046646
2049923
2053427
2057522
2050686
2053912
2056213
2059702
2056138
2059793
2053972
2054106
2047524
2052029
2054176
2050640
2050390
2048195
2071630
2045095
2051963
2053308
2044649
2051132
2042357
2046678
2047015
2043598
2046422
2055397
2043557
2052566
2046854
2048680
2043959
2047650
2047004
2052553
2048041
2046040
2045526
2043180
2044482
2047196
2048704
2046498
2046481
2053300
2053845
2046663
2046509
2045091
2048486
2047711
2047133
