22244
21794
21909
21011
21215
21430
22182
20919
22084
22585
21708
21894
20249
20306
20807
21878
21668
21773
20746
20990
21324
21297
20287
21237
21565
21012
21728
21849
20969
22681
21235
20314
21043
20738
21325
21214
20780
22091
20776
20832
21747
21611
20209
23081
21078
20895
20411
21639
21090
20844
21090
21109
20219
20790
21149
21376
20332
22217
21662
21046
22001
20823
21052
20732
21212
20341
20919
21934
20838
22445
21974
20781
23774
22550
20215
22429
21965
21129
20263
21060
21292
20342
21136
20370
21019
23169
20735
20561
21424
21927
20952
21919
21228
24856
21020
20767
21013
22188
21301
21421
