17074
17101
19079
16540
16625
16761
16206
16828
17841
15603
16407
16625
16932
16077
16571
16226
15831
17328
15445
16570
17353
15435
18478
17003
15996
17381
15649
16100
16311
16345
15952
15449
17482
17389
16249
16038
16842
15444
16550
16307
16292
16546
16522
16567
15936
16891
17141
16356
17384
16062
16291
16669
15475
15468
16338
16251
15608
16244
16727
15448
15429
18750
15973
15583
17050
16524
16819
16301
18366
17480
15469
16002
15482
17792
15448
15748
15446
16563
15844
16495
19264
15622
16212
16791
15508
15700
15571
15429
16450
17100
16373
15950
16522
16497
17028
16496
16191
15519
17991
16105
