2041054
2044429
2043108
2040105
2038682
2047326
2046856
2047213
2040078
2041009
2043011
2039074
2043870
2039665
2039779
2038701
2038142
2035500
2038467
2057563
2038507
2034183
2042993
2046535
2036762
2047912
2040503
2046671
2051168
2046252
2044953
2037622
2050524
2038334
2053063
2043288
2043448
2043944
2047179
2046804
2044824
2046567
2048348
2041525
2038140
2037961
2048117
2038549
2040181
2044856
2045404
2041361
2052112
2048019
2043133
2042033
2039478
2039030
2039537
2046077
2041359
2039608
2041973
2038696
2037375
2040369
2040366
2038938
2048037
2044306
2045048
2048468
2042652
2048124
2061971
2054593
2045123
2045274
2050037
2050078
2042774
2038665
2043071
2040781
2043286
2044201
2046451
2042995
2047278
2042731
2043812
2046706
2050291
2044833
2050731
2051580
2047747
2053086
2039092
2041180
