572825
574538
580894
589859
586172
595624
583684
571386
581873
577993
576275
588096
572358
596094
573144
562724
578250
587977
573836
587322
578491
589301
571578
588718
592027
585422
581922
569808
581901
589509
608058
582604
576694
602555
588577
567577
580582
585805
598129
601017
569684
581322
579559
575122
586176
571540
575635
573915
588616
570355
574471
571616
600436
584454
567522
568006
580233
584038
571019
570344
573831
569248
585557
576711
566187
572526
567354
590049
575561
581809
575656
578398
583090
568618
574410
585349
587413
567530
570453
581576
588823
575475
579348
580344
575941
587012
581559
585396
569551
577302
569733
567431
578314
593813
571066
591563
576377
582144
562923
582838
