21983
21098
20416
21784
21764
21317
21107
21006
21919
20885
21973
21952
20301
20717
21650
20264
22430
21327
22053
20316
21116
22373
22091
20236
21633
20346
20303
22353
20410
21170
21149
21174
20723
21942
23443
20888
20784
21204
20654
20958
20817
20800
20292
22123
22176
21370
21471
21090
21062
20289
21602
20800
21092
21494
20293
21471
22757
24164
21743
21736
23344
20290
20944
20870
20972
21209
20646
21732
20369
20330
21864
22639
21182
22995
20302
20305
21982
22535
21185
21401
20454
20917
22054
23366
20456
20438
20241
22052
20665
21034
21417
21162
21629
20858
20308
20723
22114
20243
22017
21112
