2011603
2002897
2008417
2010623
2012370
2010873
2010992
2010110
2000900
2001919
2003810
1999519
2007871
2008928
1998078
2001577
2008469
2006876
1998473
2004028
2002388
1997953
1994628
2001520
1997682
1999455
2004906
1996558
1999192
2002665
2006988
1997587
1996736
2003714
2006817
2009719
2002334
2010863
1999905
1999629
2000004
2004624
1998484
2000702
1997730
2001291
2004778
2002115
1999500
2000737
1997571
2006667
2004897
2004852
2009634
2006265
2001258
2003061
2002881
2001214
2005648
2000600
1996939
1998680
1999450
2002869
2012119
1998956
2004643
2008150
2010685
1997362
1998116
1999236
1997617
2007544
1997579
2007055
1998386
2002644
2011349
2001544
2002023
1999685
2004547
2006452
2005302
1994825
1994310
2003489
2000649
1999132
2001847
2000979
2003195
2002133
2001014
2001159
1997301
2004304
