20943
20938
22689
21637
20917
21954
22586
21762
24498
20896
21885
22326
21833
21943
21614
21730
22695
21339
20901
20949
21701
20942
20985
21121
21626
20921
22385
21266
22236
21233
22773
24326
20876
21628
22251
22500
21610
21577
21966
22197
20888
22625
21031
23390
21638
21874
22619
22109
21521
21581
21586
22884
20910
21633
21426
21685
21989
22790
21717
22140
22509
21112
21747
21747
21832
22480
21520
21446
21804
22354
23791
21896
22017
22082
21941
22636
22184
21901
20905
21401
23417
21370
21668
22255
23691
21707
21604
21968
21601
21927
23559
20913
21707
21978
21935
22185
21787
21668
23502
24685
