14605
14209
15258
13660
13687
14415
14502
14994
14712
13661
13693
13662
14144
13674
13701
15515
14297
15681
15272
14420
15061
14894
14260
13663
14367
14633
14237
13670
13666
15024
13660
14409
16339
15258
14720
15130
14390
13680
13679
13916
13680
13703
15060
13745
13738
14475
14712
14624
13756
14752
13664
14714
14692
13749
14390
13660
14235
14455
14580
15548
13720
13746
13690
13699
14502
14624
13680
14833
14750
13666
14443
15441
15835
13660
13801
13660
14651
14116
13658
14465
14366
16266
14585
14250
15665
13739
14405
13663
15732
13881
13751
14555
14567
14776
14146
14245
14885
13659
13773
14466
