2049540
2059060
2054753
2049592
2050626
2041539
2042898
2052576
2058313
2048039
2052490
2051668
2050889
2058203
2047449
2046804
2061691
2047815
2051669
2057982
2058313
2050263
2054333
2051476
2057051
2051572
2052181
2060261
2051050
2051677
2054691
2053193
2047467
2054364
2057084
2050419
2059424
2049360
2050080
2059139
2060284
2051191
2047139
2051695
2048325
2051234
2046628
2047217
2051134
2057047
2044957
2063683
2054954
2049801
2054231
2061946
2057415
2056047
2043161
2045676
2056318
2058044
2051069
2053630
2050509
2052740
2050012
2054716
2057119
2055980
2055853
2052460
2049635
2056628
2054366
2054627
2049672
2055375
2050840
2050881
2057449
2053770
2054567
2046817
2053461
2052760
2047890
2049046
2050865
2059319
2047175
2050379
2049009
2057706
2052835
2047679
2048428
2054668
2044831
2043974
