2052054
2040722
2043104
2044356
2042694
2043035
2040104
2040440
2043807
2047829
2044448
2047574
2046124
2046249
2049199
2042329
2051298
2042662
2037991
2039610
2037170
2039446
2037697
2036113
2035220
2036209
2033570
2033539
2043136
2035324
2035081
2035066
2040278
2036038
2042742
2043269
2046496
2037565
2048804
2045516
2038919
2039861
2039549
2040101
2038668
2042106
2041598
2037826
2034706
2033905
2037764
2039122
2037707
2045791
2046254
2045418
2041017
2039656
2045413
2042997
2049914
2050022
2054228
2043207
2046947
2042137
2041673
2048117
2045554
2038996
2044834
2046068
2042016
2054733
2051762
2050615
2051028
2037577
2047955
2039443
2048887
2047328
2049899
2042679
2043783
2038952
2047229
2039571
2043043
2049395
2047493
2040585
2051319
2040601
2041809
2047644
2041403
2044639
2045765
2034014
