15531
14072
13777
14870
14517
13758
14020
14285
14509
13725
14065
14454
14060
13909
15394
14458
14258
13691
13662
13666
13707
16504
14943
14568
14411
14233
14589
14432
14251
15401
14605
14750
15289
15978
13660
14396
13662
14610
14192
14889
14296
13734
13708
15591
14392
14574
13943
13896
14744
14121
13731
14820
14241
13729
13663
15785
13664
14215
14439
15067
14408
13919
13680
13679
15560
13734
13745
14552
13732
14734
13660
15508
15176
13704
13673
14089
14642
13834
14716
14345
13892
14483
14781
13904
14091
14382
14224
14799
14786
15192
14529
14354
15438
13799
13697
14364
14241
14829
17414
14429
