2046071
2045849
2045283
2041385
2045944
2037320
2044106
2038740
2038340
2042302
2039789
2035889
2035512
2038524
2042068
2052223
2037225
2037850
2040051
2047467
2036469
2046043
2045915
2040296
2051729
2039547
2045584
2043635
2046587
2048681
2048807
2043258
2047065
2050265
2047295
2048851
2046020
2041359
2038516
2043569
2041312
2042107
2049969
2048656
2050568
2047805
2039923
2044856
2039475
2049098
2048581
2038274
2043033
2047469
2041219
2037472
2045766
2039002
2041519
2041336
2038669
2038930
2037348
2038721
2042186
2042900
2037960
2038870
2040495
2039722
2033943
2040847
2046409
2037502
2038638
2037703
2040116
2038953
2042930
2041321
2039723
2039391
2041992
2040779
2040709
2047795
2039481
2039450
2043791
2048352
2044475
2047254
2047891
2042839
2039016
2048315
2041907
2040871
2038919
2035510
