1545850
1540790
1547947
1561053
1551915
1548307
1540785
1559320
1549168
1544409
1545689
1539415
1544843
1536636
1542353
1537457
1541221
1553295
1539656
1543688
1539501
1540075
1545292
1540810
1541953
1538897
1540348
1544582
1547859
1553269
1554037
1544561
1547977
1549716
1548232
1549974
1545488
1544673
1547621
1543487
1539744
1559461
1542067
1542318
1541318
1570389
1540254
1549198
1546344
1543961
1538773
1543992
1544270
1542873
1546862
1542390
1543109
1545342
1553597
1548970
1544094
1548270
1550932
1545472
1550365
1564753
1550227
1573457
1550089
1540943
1548188
1549556
1551767
1541426
1538885
1544207
1542670
1542636
1547599
1541990
1539989
1553871
1542962
1546676
1545650
1539886
1549385
1539776
1546378
1542477
1540004
1542911
1542245
1549627
1550276
1539199
1554411
1543303
1538914
1542741
