20468
21210
20394
21558
21740
21090
20320
21258
22657
21791
20609
22082
21430
21160
21392
20250
20294
20256
23108
21522
20664
20321
20342
21371
20956
20664
22437
21729
21292
20975
20266
20710
21003
21899
21315
20669
22674
22072
21669
21117
22042
21044
20284
20264
20315
21269
23829
20351
20380
20667
20753
20264
21285
20414
22330
21215
22523
20224
21434
22758
22132
20367
21931
22797
22459
21110
21261
20322
23180
22065
20246
21144
21805
21172
23336
22008
20746
22208
20271
21784
23846
22988
21069
20280
21702
22882
21917
20822
20804
22149
20329
22614
23000
22074
21179
21536
21266
21065
21320
21440
