19944
20022
19909
20208
21613
21995
23430
20573
20901
22737
22170
20840
22098
20861
19945
20406
19874
20739
21074
20910
20259
21441
20958
21114
21557
20734
20657
21746
20918
20682
20335
21818
21316
20504
19911
21077
21657
21808
22098
20050
20564
19928
21640
21470
21593
21656
21241
21928
20318
20815
20768
21072
22656
23040
20534
20978
22739
21403
21314
20923
19930
20534
21045
21625
21624
24423
20399
20335
20840
21045
20574
22053
20799
22375
20488
21663
20560
19961
20471
20690
20622
20378
20794
20967
20806
19947
20742
20585
19957
20763
21928
22518
21337
21991
22008
21645
19948
19857
19976
20657
