2004670
2006834
2014896
2004599
2016852
1997044
2007785
2003571
2004746
1997388
2006864
1998443
2000282
1999445
2004998
2008624
2002441
2007718
2006021
2010363
2003305
2008390
2005619
1998933
1998682
2000063
1998955
2005727
2006536
1999544
1999030
2000832
2001273
1998328
1999188
2001378
1999144
1997382
1996432
1997643
1997142
1998838
2008248
2002154
1999863
2002561
1998004
1995200
1999218
1995005
1997266
1998510
1999900
1996990
2003758
2001480
2000260
1996980
1998608
2006240
1999769
1996637
1993579
2002433
2006524
2004928
1995360
1999623
2000259
2000190
1995490
1994736
2000622
2005808
2109904
1999774
2001390
1999164
2000493
2000294
2007059
1998747
2000433
1998234
2006784
2002375
1995849
2004445
1998979
1995781
2000788
1996693
1995766
2009898
1999754
2008106
2004014
2002912
1999661
1998614
