20278
20404
20293
20231
20289
21375
21373
23867
20956
20304
21112
20209
20300
20318
20316
22254
23565
21136
21633
20812
22892
20667
21154
21619
22093
21246
20674
21651
21306
22059
20274
20279
21401
21812
21398
20962
23106
21174
21525
22130
21009
21008
22896
20951
22957
22092
21116
21560
20684
21349
21639
20775
20265
21311
20835
21696
21211
22632
20238
20943
21067
20930
21147
20244
20277
21170
21251
21241
21266
21831
21411
20784
22613
21265
20238
20246
21223
22903
21266
20254
21245
21226
20747
20995
21134
22423
21864
22568
22214
20334
20803
23226
20550
21212
20231
20485
21574
21242
20652
22305
