436349
457944
432739
437408
438932
417456
424262
436225
414999
426401
442704
433231
424977
431336
441334
447991
434774
435866
439400
434641
440384
429947
420930
427873
438312
425041
435668
436090
444020
442384
457559
476271
452376
436710
441406
439677
442790
437292
458930
468610
436169
453121
443078
437854
436813
427174
443239
444358
434011
445291
437366
466391
458530
442701
438107
465180
434748
445624
429212
440684
432125
442018
443214
445903
439214
445248
439723
428811
432405
424213
463607
429163
432777
425016
462402
432352
434512
429997
456420
430354
440431
443137
441040
433341
442334
440685
430624
441232
434592
445500
445872
465593
437313
444348
431415
435236
437728
436563
466951
457529
