2052280
2058875
2049447
2054114
2048834
2050145
2047593
2057194
2046512
2047352
2047388
2052676
2058052
2055342
2058205
2053821
2054418
2055354
2050307
2046132
2055439
2048058
2053081
2053980
2056166
2053542
2057952
2057851
2060367
2049816
2060163
2053759
2053577
2058096
2054329
2053280
2053573
2051475
2052740
2051041
2043351
2056210
2049456
2044774
2043846
2046298
2051940
2053547
2049192
2048649
2052160
2048115
2052029
2051238
2054782
2053605
2053424
2050396
2052628
2058077
2051227
2050589
2052131
2050039
2055789
2055786
2056503
2051525
2055828
2057062
2054357
2054067
2057766
2052332
2047830
2050284
2051142
2060707
2057481
2055655
2055511
2056798
2050629
2052144
2054135
2048429
2054852
2057183
2065889
2055630
2051668
2046668
2048769
2056288
2048932
2047286
2053217
2046600
2055511
2051285
