22047
21486
22232
22648
21979
21862
23698
20924
21878
21571
20984
21164
21693
21702
20906
21781
21743
23345
22180
21585
24184
21037
21900
21011
20919
21694
21642
21983
21301
21019
20920
22068
22113
21976
21999
22102
21535
21896
22051
22514
21370
21756
21925
22649
22019
20898
22863
22377
21950
22592
23687
21757
21428
20924
21474
21593
21783
20956
20910
20941
22168
22705
21699
22074
22634
22733
20933
21409
22109
21384
20975
21372
20942
20955
21929
22621
22037
22212
20912
20898
22418
22676
21478
23821
22605
21672
22624
22896
23970
20898
21578
21721
22477
22198
21980
21529
22813
22882
22065
21018
