2000139
2003678
2004888
2003627
2005549
2001989
1995629
1993364
1994560
1998301
2004499
2001277
1996539
1995430
2003369
1996661
1995861
1994907
2005861
2004471
2001472
2002561
2002107
1997600
2001485
1999618
2002918
2003737
2003433
2001138
2001062
2002523
2010310
2007992
2004343
2001398
2006055
2008719
2007914
2009257
2008697
2005686
2007415
2007169
2002378
2008867
2005847
1999170
2011071
2009109
2007250
2008060
1999407
2004693
2006712
2009975
2009451
2008809
2004422
2002064
2009320
2008343
2003216
2003187
2009030
2001639
2008084
1999859
2003168
2000072
1998397
2004673
2008072
2004351
1998152
2002492
2004651
2003565
2005071
2005964
1999804
2003178
2002976
2005181
2005307
2003801
2006769
2010898
2010335
2007592
2003430
2003994
2004131
2007586
2007174
2007487
2002814
2003522
2006558
2004837
