460391
444259
443694
455653
451179
440748
450499
431258
443767
449920
443055
431744
430925
434751
434378
437116
433261
432625
438862
439496
443469
443711
437359
431662
439495
434108
438577
433385
436542
434007
440333
428322
461222
445795
438332
453941
455725
424345
461428
442613
463995
460101
436042
430397
427295
431830
439829
439674
439759
440639
443847
444340
439927
434775
466912
447230
436052
457843
433948
454442
433118
433469
425481
428344
442086
427910
433763
439495
442972
431040
431535
428569
423099
417613
420302
431203
434380
428989
435248
458002
445466
428895
427846
433873
436740
471236
447125
435968
438478
428549
452796
444944
432028
427536
428507
452071
457634
447374
437082
429062
