586425
589232
567770
591017
583592
591297
574071
580938
574853
575916
568904
568704
564200
574239
573754
571164
585893
581451
581850
572712
570757
598504
590038
573641
570597
572044
580771
577750
575239
574498
602143
595747
600743
576649
593983
578171
592448
585937
580481
603271
578886
582815
579688
575237
594592
592867
577937
591747
572805
577650
588197
595523
582565
586850
585033
594330
581430
575974
594223
570600
581805
590072
606157
571088
580511
588500
585760
582701
581950
583133
578880
571571
602560
574618
578318
576112
594245
586260
583660
595277
592977
590829
598356
580347
589382
580409
602580
594083
588420
593333
605484
613843
598818
583925
577455
590779
580322
570020
598920
584285
