22095
21648
21534
21917
22741
21536
23444
22606
21719
21525
21906
21851
21902
22409
20933
20991
21727
24593
23781
21927
22227
22832
21794
23727
22843
21940
21677
22011
21555
21911
22467
24561
20993
21645
22515
20868
21089
21757
21655
22284
21858
21983
22128
21872
24733
22015
21926
22898
21694
22814
23253
21917
21082
21695
20902
21155
22840
21943
24860
20912
21892
20915
22665
20913
21938
21510
20936
21663
21425
22883
22326
22687
23359
23494
21731
22173
21213
22878
22750
22902
22424
22691
20977
22164
22347
21522
21882
21222
21959
21323
22421
21581
21318
21692
22197
21912
21934
22709
21967
22403
