2045532
2044594
2058995
2045381
2056112
2051976
2042664
2043755
2039611
2043274
2043535
2043697
2043748
2047047
2048286
2047337
2047219
2038313
2043939
2048076
2044993
2039460
2047779
2048368
2048892
2045503
2038062
2040164
2038523
2038053
2039671
2037883
2037675
2062975
2044749
2047835
2043904
2043815
2046403
2050094
2048156
2049531
2046252
2046775
2050369
2039058
2034968
2044253
2037912
2042207
2047993
2042170
2043513
2049644
2045882
2039167
2038695
2040616
2039555
2044093
2048404
2051195
2047244
2048590
2051144
2042448
2045848
2046419
2045480
2036798
2037368
2042310
2037919
2039768
2038658
2044279
2039850
2043614
2045680
2038764
2042485
2039299
2053764
2043677
2049088
2045240
2037782
2039955
2041042
2039631
2038422
2037931
2049914
2041944
2046374
2040883
2038740
2038326
2037949
2040670
