1376181
1388055
1378211
1379933
1376380
1377909
1379213
1371901
1377631
1380916
1375881
1371066
1373832
1375401
1372584
1374037
1371096
1374537
1374271
1375141
1375392
1375834
1378360
1379395
1370278
1374761
1373425
1372572
1377210
1377799
1378006
1382194
1375978
1377206
1376500
1372475
1378641
1373427
1378932
1374480
1373628
1376384
1373508
1374122
1369760
1370689
1373883
1367659
1371594
1378247
1374045
1392057
1376640
1377008
1375663
1373415
1379417
1376371
1377433
1378346
1374452
1372405
1395196
1368536
1381973
1368182
1373756
1374381
1367699
1384766
1373753
1374844
1374020
1369550
1380113
1372247
1374222
1378351
1371610
1385286
1371729
1367965
1373426
1367307
1369435
1369043
1371605
1382099
1375487
1371682
1375981
1375073
1372529
1369693
1372135
1371032
1367816
1370356
1370420
1365739
