5158
5948
4933
4854
5887
6976
6023
4846
4850
5284
5499
4852
6549
5467
4842
5565
6004
4861
5785
5258
5447
4856
4862
4949
5744
6181
4864
4856
4914
4853
4862
4893
5696
4887
5835
5564
5567
5713
4924
4842
6007
4838
4843
5077
4846
4891
5587
4852
4859
6386
4950
5825
5843
4851
4868
5971
4928
6554
5427
4850
5915
5133
5581
5818
4866
5210
5765
4865
5598
4985
4853
5167
4858
5601
4862
4852
4858
5428
4894
7144
5046
5323
4963
4878
4952
4919
4858
5717
5446
4866
4866
5852
5531
4867
5020
5505
5752
5951
5508
5723
