444000
435673
448269
448846
444388
438871
437233
428266
429307
446259
501330
455171
461897
441270
433343
431841
434115
463186
433960
434536
433351
420380
420642
431891
426519
432431
426838
435577
434980
467900
452365
454197
468917
460805
454181
440026
459202
445530
425368
433919
464668
472753
435329
455926
454093
440785
432778
447358
448572
470274
436862
436490
436096
434512
458797
429663
443128
437285
436546
432044
438550
431774
443552
435661
466442
457014
446856
433935
436705
426043
449929
439778
422277
422269
430830
453847
436984
434057
447062
434608
439825
450073
458365
435571
445962
450186
435267
458238
439414
447502
447133
476755
439856
436863
453175
450266
429333
431923
428723
419182
