19991
21554
21226
20987
23110
22496
20128
19930
20515
21155
20618
19936
20030
19921
20581
19922
20721
21800
21558
19955
20959
19918
20094
21840
22521
19938
21922
20535
19897
21573
19943
20466
20440
20800
20372
20128
20665
20012
20740
20940
21654
20744
20425
20787
20921
20608
21267
20348
20407
19932
22446
22148
23095
20979
21726
22035
20473
20677
21760
21771
20859
19903
22649
19967
19968
19953
19979
19963
19918
20841
20803
20391
20596
21394
22597
21729
19927
19956
20364
21694
19946
20016
19974
19911
19962
21062
20391
20800
20893
21013
19905
20127
19956
19944
20105
20622
19874
22969
19931
20064
