21061
20850
20079
22485
20967
20710
19939
21502
21555
19931
23050
19962
21604
21622
22958
21388
22068
20030
20945
21685
21222
20901
20980
20092
20802
21832
21461
20641
20461
20889
20802
20035
21727
20521
21170
21737
21437
20638
22541
19986
20991
19951
21140
22006
19954
21520
21645
20466
20026
22023
20661
20518
20854
20604
19940
22253
21599
20902
21321
21967
20656
19919
22125
19951
20096
20599
19938
19913
19926
19923
20935
19934
19943
23053
19885
19961
20715
20616
19956
20447
19933
20822
20377
22316
22026
20730
19924
21679
21616
21564
21458
20430
21448
21517
21904
20625
20695
20019
20577
20993
