2000940
1998465
2000926
2009386
2005714
2001663
2004653
1999226
2004100
2005292
2003373
2002935
2002945
2001364
2004620
2000863
2000170
1994926
1996814
2001489
2000449
1998779
1997200
1996053
1996405
1994270
2002169
1997266
2003936
2003503
1999407
1997883
2002917
2004097
1998040
2004262
2000170
2000211
1998131
2000163
2004143
2004685
2001163
1998607
2003579
2001188
1997234
1994112
1999597
2008540
1996738
1996214
1993749
1995976
1999810
1998969
1994770
1990566
1999536
1989837
1992329
1992046
1993197
1996246
1996319
1998029
1991208
1992734
1991212
2000780
2001126
2000851
1998487
2003035
2001418
1998626
1999999
1994668
1992069
1994159
1992624
1991033
1991449
1990957
1997272
1998296
1990277
1999694
1992270
1997493
2005565
1994547
1994112
1999092
2000873
1997970
2012755
2005487
2003646
1999273
