20892
19986
19972
20055
19991
20240
19911
21105
19951
19977
20236
23092
20794
20940
20751
21347
22016
22396
20052
20168
19986
20361
20533
21178
19921
19976
19970
21845
21503
19967
20423
20026
21785
21960
19992
20080
20245
21268
19990
21531
20681
19945
19990
20663
20441
23157
20660
20890
20540
21864
21618
19901
20124
21681
20534
23500
20870
20415
21076
19944
20852
20810
20606
20482
22490
20314
20048
23091
23017
19910
21515
20962
20910
22122
20722
21337
21030
20422
20806
20671
20737
21799
21759
21741
21637
21928
20999
19966
20590
20634
20416
19944
19954
19953
21032
19864
20654
20974
21879
20692
