21225
21541
20931
21359
21375
21937
22173
21486
20327
21645
22394
22334
22350
23364
20821
22616
21406
21799
20750
21224
20919
21070
21301
21302
24063
21254
20955
21384
21610
21982
21146
21291
22911
21293
20308
21758
21282
20981
22910
22020
20704
20710
20895
20805
21608
20257
20309
20967
22083
21350
21234
22008
22527
20868
20448
20645
20313
21887
21899
22644
21386
20245
20553
20999
20352
22869
21009
20786
21406
21799
20834
20959
21421
22751
21906
21971
21925
22508
20330
20323
21837
21532
23158
21762
22491
21412
21350
20355
21205
20264
20267
21427
21166
20725
21492
21318
20906
21026
21381
23110
