5960
5373
5367
5462
5461
6482
5390
6183
6466
5374
5374
5402
5462
5375
5796
6700
5572
5378
5380
5372
5458
5379
5379
6086
5474
6122
6006
6428
5378
5407
6278
6266
5378
6533
5909
5446
5379
5466
5392
6530
5371
6388
5394
6295
5384
5364
6185
6385
5392
6123
5386
5972
6147
5706
5830
6451
6518
5367
6456
5967
5898
5373
5881
6470
6084
5659
6505
5384
6347
5418
5383
5460
5382
5460
6337
5457
6247
6224
6794
6243
5517
6213
6030
6387
5368
5367
5368
5365
5457
5375
5428
5837
6293
6251
5362
5470
5380
5370
5382
5503
