2004293
1998696
2008907
2003235
2004003
2010907
1998576
1998589
1997070
2010929
2007226
2008014
2006531
2007713
2001840
2001918
1998042
2002852
2008959
2008635
2009070
2005221
2009604
2014384
2006125
2007854
2009980
2002159
2006493
2008301
2004283
2009483
2011660
2003332
2006308
2011485
2002732
2008267
2002143
2004213
2008547
2006853
2011691
2010845
2005884
2005075
2005405
2005694
2001776
2001176
2006414
2009419
2004670
2001288
1997845
1998258
1995113
1995911
1998443
2003740
2006694
2002873
2002303
2002113
2002194
2004260
1999905
2000860
1999388
1998538
1996526
2004473
2003095
1997650
1999402
1996097
2004424
1997639
2004354
1999310
1992883
2003131
2002886
1999152
2003531
2000153
1994742
1999855
2002350
2000164
2003957
2003759
2004840
2003082
1999260
2000450
2003140
2002655
2004244
2005292
