6640
7494
6699
6676
7210
7705
6696
6713
6992
7310
6768
6621
7388
6615
6621
7513
6621
7435
6614
7482
7743
6706
6645
7257
6653
7232
6969
6650
7247
6655
7121
6631
7102
6652
7779
6620
7676
6596
6629
7152
6744
7715
6634
7095
6626
8649
6626
6690
7794
6643
7349
6651
7512
7346
6685
6917
6644
6693
8603
6663
7492
6649
7419
7159
7407
7215
9145
7353
6665
7602
6654
7677
7156
6622
6725
6632
8299
6607
6648
6734
7606
7266
7357
6672
7545
6633
7520
6631
6681
7717
7261
6651
6689
6653
6664
7468
6628
7134
6689
7366
