23066
21971
21979
23380
21564
21583
22460
22504
25029
21755
21832
22411
21793
22162
23499
22699
22256
21847
22332
21582
21647
23042
21333
21967
21733
22354
21394
21930
22084
20947
21116
23424
23259
20997
22850
21907
20877
22046
21713
21400
22367
22673
20980
21839
21774
20936
21692
22632
20925
23032
22668
22217
21044
20912
21820
24503
21639
22436
22634
22029
21558
22062
22462
22967
21653
21020
21339
22447
23339
22488
21012
21848
20884
21128
22902
22024
22132
22444
21875
21632
23347
22054
22715
22239
21707
20966
21779
21973
21395
20929
21339
21466
21306
21406
22550
21304
21600
21310
21392
22557
