16220
15487
17162
16216
16251
16967
16521
16147
16104
18430
17467
15898
16152
17214
15462
15783
15540
15957
16736
16594
16399
16181
16232
16276
15566
16025
16677
17498
18172
17597
15986
15484
15427
15468
16335
16304
16522
17190
16830
15551
15584
15516
17332
15672
15468
16596
16016
15990
16726
15446
15471
17075
16252
15548
16241
17749
15472
15689
16002
16551
16928
16046
15470
15763
15767
15684
15693
18301
15997
15525
15509
16862
15480
15497
16073
17169
16177
16200
18065
15466
15524
15493
15450
17247
16825
15491
15535
17198
17156
15469
15532
16265
16484
15456
16492
15475
16515
15466
15482
15560
