23097
22528
21840
20548
20708
21751
20662
20733
22266
22694
20687
20609
20659
20884
22163
20411
21113
20735
20359
21213
20849
19947
22797
20514
20354
20577
20999
20254
23232
20022
19919
21253
21894
20067
19932
19950
20871
22519
21059
20600
20381
20878
20979
20564
21544
23139
20374
20761
21744
21074
22616
20904
20000
19975
19943
20915
20752
21671
20654
20942
19929
19880
20933
19939
20387
22187
19906
19931
19923
20766
20682
19895
21031
21007
20691
20677
21292
21578
20359
20517
20760
19964
20420
21859
19955
22216
23269
20497
21122
21038
20666
20509
20259
20449
20489
19956
21495
19941
19926
19961
