20885
19981
19954
20020
21700
20869
19972
20594
22141
19983
21934
20775
20762
21607
23002
20904
22133
22705
20652
20821
23612
20821
21196
21280
20741
21982
20838
20686
20662
21869
21784
21170
23980
20841
20739
19885
20914
20953
22609
20976
20799
20006
21042
20784
21733
20341
21054
20684
23994
19920
20781
20659
20708
20346
21676
20503
22344
20288
20592
20839
23792
21654
21498
21412
20499
19927
22333
20469
20145
21127
21039
21081
20549
20567
22150
21015
21673
21962
21510
20647
20578
20796
20721
23480
19917
20959
20769
20676
21647
20322
20838
21172
20060
20209
21791
21023
20751
20899
21017
21392
