5922
5401
3955
4635
4620
3902
3892
3923
3910
3911
3907
3916
3903
5715
3905
3899
4805
3900
4351
4113
3901
4442
4940
3923
4008
3895
4560
3892
4335
4055
3901
4004
4473
4171
5023
3906
4808
4015
4235
6098
3902
3909
3916
3902
4707
4365
3901
4490
4089
3916
4271
3913
3910
4627
4783
4501
4453
3916
4122
4916
3900
4362
3895
4128
4744
3895
3923
3903
6071
3895
4425
3895
4360
4116
4988
3906
4626
5084
4937
3906
4022
5278
3919
4588
3894
4717
3901
4010
4926
3895
3895
3907
3896
4534
3915
3902
4034
3924
3898
3956
