1376084
1372483
1373352
1374311
1400660
1377677
1369779
1374122
1366517
1367794
1372210
1367225
1370313
1375380
1368395
1373456
1374208
1373857
1369704
1369810
1376669
1376366
1370531
1378197
1372713
1374331
1369714
1371201
1372536
1366751
1371019
1366308
1372676
1370312
1366937
1376719
1372587
1373767
1376574
1372726
1373474
1374280
1373941
1374976
1372134
1370928
1375099
1374664
1371944
1375414
1370151
1377365
1366086
1367835
1372838
1373177
1378188
1374572
1374356
1373913
1367595
1370048
1366352
1371825
1369120
1370955
1381802
1371312
1369447
1378729
1368363
1375179
1379933
1374868
1374347
1373185
1377085
1373030
1369311
1371790
1374664
1373449
1383575
1371038
1373453
1372372
1370397
1376511
1371770
1375124
1372043
1368368
1374603
1369779
1378323
1377166
1371125
1371607
1370759
1368179
