1549443
1549534
1558666
1556384
1552012
1552410
1550475
1551175
1552554
1548951
1552861
1547386
1549507
1543265
1548488
1546312
1550708
1552157
1543717
1554249
1543576
1549267
1542992
1546215
1549404
1547907
1557649
1543154
1546278
1540065
1546406
1542557
1543310
1545383
1547028
1548536
1546186
1545079
1545687
1544332
1554366
1543008
1555573
1537902
1545023
1545206
1544830
1539647
1538065
1543980
1538946
1540733
1543799
1545061
1541016
1541110
1540663
1541362
1543975
1545542
1541645
1542143
1545766
1540539
1545369
1545460
1543921
1544353
1543070
1543342
1543769
1545305
1544472
1545844
1539825
1544231
1547872
1550020
1546262
1542129
1542520
1540054
1541861
1546675
1545614
1547601
1542774
1568044
1545935
1544481
1540475
1544933
1542410
1542529
1549115
1545763
1550410
1546971
1550712
1546233
