20124
20766
20780
23963
20409
20485
20426
22229
22837
20686
19985
19962
20102
21700
20474
21623
19957
20054
19956
21084
20491
20554
19947
21013
21414
21953
20892
20812
22203
20839
20573
22543
21159
21625
20586
19894
19970
19928
20772
20573
20580
21648
20033
21035
21321
19903
21412
21203
21167
20648
20491
19968
20807
22744
20415
21292
19990
21016
21192
20311
20564
20054
20401
21032
19877
21534
19938
21492
19972
19987
20014
20861
20451
21570
20955
20638
21530
20962
20721
21022
21611
21290
21536
20937
19954
20026
20648
19929
20734
21659
22407
20471
21208
20479
21374
22106
21831
21462
19972
21098
