2050362
2052966
2050019
2049096
2056609
2046111
2051062
2046883
2036132
2048971
2051146
2044845
2040721
2044893
2042405
2041196
2053382
2048449
2047612
2043349
2047428
2041655
2037696
2042870
2045434
2046753
2038271
2045157
2053118
2042291
2038308
2040972
2036729
2037670
2037183
2038890
2037894
2034334
2041485
2045831
2052471
2048432
2049125
2038053
2045824
2043167
2040056
2040380
2036606
2051371
2051492
2038065
2039708
2042159
2040133
2044456
2041672
2038801
2038286
2038305
2038759
2046670
2040440
2043971
2042434
2045794
2046180
2040869
2047921
2043163
2040599
2039629
2040103
2038119
2044844
2040543
2050755
2038580
2039288
2047692
2050507
2047864
2045808
2039655
2039434
2043372
2038185
2045124
2039570
2038181
2037473
2042204
2040380
2047559
2045957
2044859
2050733
2039715
2038300
2045206
