20948
23133
22273
21872
22228
21082
22340
20562
20867
20374
21216
21667
20907
22035
22164
21022
20246
20897
21084
20576
21201
22057
21331
20695
21415
21186
20338
21553
22101
22037
20295
20292
22978
20269
20336
21289
21014
22034
21297
20910
21915
21805
21483
21147
21809
21923
20243
20333
21376
24188
21352
20886
21726
21728
20707
20984
21229
21265
21361
20298
21272
21331
20254
20275
20352
21400
21493
20248
21263
20243
20263
20919
22492
20973
21770
21060
22173
21442
21635
21265
21731
21677
20273
21787
20251
23021
20760
20882
21934
20992
20767
20288
20987
21035
21033
20991
20266
20287
20239
20365
