1547709
1541350
1538870
1550538
1544030
1553314
1547943
1545941
1555400
1539811
1551209
1544738
1548722
1544278
1547017
1544575
1543439
1541898
1537918
1547306
1536784
1537974
1540914
1536675
1539243
1537695
1541732
1544347
1542509
1543089
1546519
14929239535
1551562
1546272
1544565
1542528
1542059
1542233
1535147
1534012
1534000
1534846
1536225
1533391
1533320
1535374
1534218
18872898524
1537223
1533132
1534271
1534114
1534580
1543362
1566733
1553824
1543822
1547730
1548911
1548987
1547551
1546648
1542237
1550495
