20911
22141
21374
21980
20564
21025
21362
21915
20918
22145
20896
20921
20883
20266
20928
20946
20953
21080
21957
23181
21967
21289
21026
21747
21100
20644
21132
21247
21506
21315
21023
21892
20391
22255
21959
23939
20344
21856
22591
22444
20713
20685
21765
20283
20450
21046
20911
20277
21057
20875
21471
21592
20946
22066
20673
22129
21034
21012
20723
21873
21297
22134
21119
22355
21245
20869
21500
21423
21031
21176
20999
20951
22115
21450
21909
20295
21075
21120
21962
21626
20268
21376
21211
20911
21262
20719
20914
21884
21650
21062
20527
22629
21303
20739
21077
21208
20309
20756
20986
20917
