1379573
1383025
1381874
1378208
1384171
1378802
1373813
1378240
1373345
1374570
1372043
1382213
1372080
1386755
1382689
1393163
1387042
1373276
1370924
1381318
1376696
1373539
1375465
1369621
1378290
1379670
1373309
1377177
1372552
1368631
1371805
1389142
1368043
1379990
1375590
1402645
1370714
1370952
1378081
1376810
1378947
1374858
1396082
1370372
1371407
1371537
1376391
1384160
1375461
1376341
1374418
1369587
1372682
1377837
1374038
1377277
1372451
1393177
1370526
1374227
1375088
1374526
1384216
1369258
1369099
1376710
1371625
1381035
1373865
1374949
1373051
1377208
1374096
1377055
1376286
1381079
1372258
1372073
1375181
1373875
1374538
1371012
1380829
1372884
1370764
1370082
1382149
1371511
1373751
1373940
1393279
1374034
1376387
1372032
1369594
1374548
1369707
1373738
1378587
1371330
