20032
22228
21458
20567
19966
20920
21440
20026
20022
20627
22821
20688
21929
19884
19952
20599
19917
21881
22822
20011
21403
19933
20701
20554
20759
19970
20493
20520
20452
20605
20752
21025
22984
19997
22847
23018
20019
19931
22363
20043
20963
21651
21827
21405
21256
19952
20090
22650
20934
21016
20561
21464
22566
21053
20629
20512
20777
20489
19939
21328
22031
19935
20828
20968
20986
20370
21721
21868
21801
23077
21032
20895
20136
20030
21091
20922
21170
20448
20770
21643
20625
19904
22536
21249
20635
20045
21898
20011
24520
20993
21854
20014
19984
20535
22621
19990
19988
20015
20081
21341
