21921
22496
22378
20382
20236
21170
20272
22606
21316
22293
21405
21840
20262
20717
22393
21758
20668
21387
22916
22209
20670
20669
21723
21186
21205
21887
20739
22320
20331
20382
21039
21491
20277
21850
22651
24899
22465
20996
20754
22523
22008
20981
21710
20222
22801
21397
21942
21136
20375
20921
21068
22701
20374
21232
21423
21645
21097
20318
22545
22202
21513
21503
22930
22233
21074
20931
21170
21187
20308
21382
21639
21434
20378
21341
21560
20691
20336
23518
21437
21063
21280
21619
22277
21600
22098
20313
20663
20450
22192
20930
20264
22073
21287
22007
23442
22089
21330
21260
20250
21657
