2062036
2057668
2066372
2052905
2055211
2055488
2057596
2056402
2050083
2047458
2044778
2051820
2042558
2042081
2050766
2051680
2051875
2044657
2048167
2052528
2048646
2052983
2046322
2052840
2051220
2045510
2046628
2042700
2046027
2043220
2043865
2055400
2053909
2045566
2050318
2057427
2057125
2046948
2053995
2044806
2060688
2048594
2048808
2046497
2053900
2047841
2048223
2046278
2044038
2056692
2059967
2055985
2046303
2053460
2046853
2057497
2048804
2056825
2054433
2049305
2056757
2048177
2047956
2046567
2056787
2048767
2047008
2049957
2046060
2048045
2055650
2053749
2057421
2058214
2057452
2052527
2053424
2052619
2057317
2052457
2060671
2054942
2049144
2048534
2056667
2054093
2055371
2050516
2056374
2054771
2048876
2053192
2046590
2055311
2054911
2059658
2046845
2059529
2042618
2044675
