2053206
2040525
2049245
2040607
2046509
2035441
2041275
2046147
2035191
2034583
2034651
2048616
2037526
2037108
2040203
2049404
2042665
2036428
2044382
2041679
2042036
2048012
2034190
2035082
2051540
2039993
2047206
2038405
2044172
2049943
2039130
2038562
2037027
2046781
2039089
2047357
2038859
2039849
2040546
2042667
2039880
2039787
2037930
2039014
2038102
2038815
2045407
2045469
2038631
2040179
2045909
2038168
2037290
2041944
2037909
2046189
2040410
2040366
2043091
2040271
2040636
2043487
2045330
2046223
2049804
2041639
2046406
2048702
2045470
2038284
2039609
2044757
2044438
2038282
2037987
2045884
2038393
2038718
2042657
2038688
2038116
2039876
2048869
2048871
2038444
2047625
2050268
2044872
2048847
2044477
2049625
2048580
2050472
2048244
2047620
2047434
2046443
2052047
2048626
2044306
